MNT	 1.0	dep_13	metre     	0.01 	      790000.00     	165000.00	     50.00	    -50.00	      101	      101	metre	1
24 33 39 47 50 53 60 62 56 69 75 78 80 85 89 93 96 101 103 105 108 113 117 122 126 130 132 135 139 142 145 147 149 151 154 157 159 161 166 171 173 173 172 167 167 170 178 192 200 197 187 166 148 137 129 132 128 116 126 131 135 143 146 143 136 133 131 126 121 117 119 123 118 123 120 125 136 144 152 158 167 185 202 205 197 196 202 205 207 198 193 200 212 213 201 188 195 208 197 184 171 
26 32 38 47 50 52 57 55 57 69 74 76 78 82 87 92 96 99 101 103 107 112 117 121 125 128 131 134 137 140 142 144 144 145 149 153 157 159 163 168 170 168 160 160 169 175 183 197 203 200 193 172 149 141 134 130 125 121 124 137 146 155 165 164 158 150 141 141 133 123 124 131 125 131 133 126 131 140 145 162 175 185 201 195 185 184 191 192 191 183 175 187 196 197 188 177 187 195 184 176 164 
25 31 37 45 50 51 52 46 60 67 70 73 77 81 86 91 95 97 99 103 107 112 116 120 124 126 128 131 133 136 137 136 136 143 149 153 155 158 162 166 166 156 153 168 181 189 195 200 204 204 198 177 157 144 138 135 130 127 124 131 143 154 158 157 154 147 150 154 146 133 139 140 135 137 142 137 138 140 148 164 180 193 199 187 174 177 178 181 180 174 161 175 183 187 180 168 180 185 175 166 158 
23 27 33 38 41 44 41 49 56 63 69 73 78 82 86 90 92 94 99 103 107 111 115 119 121 122 121 121 122 124 125 132 142 147 150 153 153 156 159 162 156 145 161 176 188 194 198 201 204 205 201 188 166 151 145 140 136 132 129 132 136 139 140 139 136 132 133 136 141 142 148 159 152 151 151 149 148 153 159 167 174 186 191 179 168 171 168 172 167 164 151 164 170 176 171 162 172 175 164 158 157 
18 20 25 29 32 38 50 55 61 67 71 74 78 82 85 87 88 94 99 103 107 110 114 116 115 110 106 109 116 125 132 139 143 146 145 141 141 143 148 152 142 148 170 182 189 193 196 200 203 205 201 197 182 166 156 149 145 139 135 131 129 130 129 128 126 125 125 127 130 136 145 155 163 163 162 162 153 151 159 169 178 184 185 174 162 160 158 167 157 153 145 151 161 173 168 157 171 171 155 151 156 
26 30 32 36 43 50 54 59 63 68 72 74 77 80 82 82 88 94 99 102 106 109 112 113 107 100 110 122 129 134 137 138 136 129 122 119 117 121 126 132 138 160 174 181 185 189 194 198 202 203 200 198 198 186 172 157 148 141 134 128 125 124 123 122 121 121 123 124 128 130 134 141 147 154 157 162 152 147 159 170 173 168 178 178 170 153 151 164 155 143 143 161 170 179 175 153 163 158 146 149 165 
25 31 35 40 47 50 53 59 63 68 71 72 74 76 75 82 89 94 98 101 104 106 109 108 96 103 121 129 131 133 133 125 112 104 99 103 113 120 126 136 154 167 170 174 179 185 192 197 201 201 198 195 198 203 186 163 147 139 133 128 123 121 120 119 118 118 122 128 132 137 141 142 147 147 149 157 149 143 156 160 157 160 172 167 174 166 140 145 147 137 150 165 160 167 164 147 146 141 144 158 172 
21 26 31 36 42 49 53 58 61 65 67 68 67 67 78 84 88 92 96 99 101 103 105 100 90 110 123 127 129 127 114 101 91 99 113 128 138 145 151 154 158 164 170 175 180 186 192 196 199 199 196 192 197 204 186 165 149 141 132 131 128 123 119 116 114 116 119 121 126 134 141 146 150 147 143 147 142 141 148 146 153 164 166 159 166 169 154 139 132 132 142 145 143 147 147 142 137 140 145 153 161 
16 21 26 31 37 46 51 55 57 60 61 59 57 71 78 83 87 90 94 96 98 99 98 89 89 110 121 124 123 105 91 85 102 121 138 147 149 152 151 152 159 167 173 178 181 186 191 195 197 197 192 187 194 185 169 157 148 140 127 122 119 121 119 117 111 117 120 121 123 126 130 133 137 141 137 137 135 136 141 153 161 166 157 147 156 151 147 137 128 129 131 133 134 136 137 135 133 138 143 151 163 
14 18 23 27 33 40 49 51 51 52 47 50 63 73 78 82 86 89 92 95 96 93 86 80 95 113 119 115 97 82 79 98 120 137 143 147 148 145 144 151 158 166 173 177 180 185 190 194 195 193 186 180 189 181 164 152 143 134 123 115 111 109 109 109 109 114 116 124 125 125 128 131 136 136 133 132 129 129 135 142 142 152 147 138 141 136 132 129 125 126 127 127 128 130 132 130 132 136 139 142 146 
14 18 22 26 29 34 37 39 37 44 54 62 70 76 81 85 87 89 91 92 92 81 74 88 106 115 114 95 76 79 98 118 131 138 143 144 136 138 147 152 158 164 170 175 178 183 188 191 192 188 179 173 184 179 160 147 139 130 121 112 108 106 105 106 108 109 111 114 122 137 135 135 139 135 132 128 127 126 130 134 137 142 135 132 129 128 125 124 122 124 125 124 124 127 128 127 132 134 136 139 140 
13 16 19 22 23 25 31 38 48 54 60 66 71 76 81 85 86 87 89 90 84 70 80 99 108 112 105 79 74 95 117 130 134 138 140 137 127 144 147 150 156 162 167 171 175 179 183 187 188 183 173 166 184 182 155 143 132 125 119 109 104 103 104 107 109 111 112 113 114 119 127 130 130 132 135 131 126 125 128 130 134 133 131 126 125 122 121 121 119 119 119 120 122 123 124 127 131 131 134 138 140 
12 14 18 22 26 34 42 48 50 54 60 65 71 75 80 84 84 85 86 86 74 65 82 99 104 105 90 69 77 103 124 129 133 136 134 120 130 143 143 144 153 160 163 167 169 173 178 183 184 173 154 163 186 183 145 132 122 115 110 104 102 102 105 110 113 116 117 117 115 115 119 121 121 120 122 121 121 125 133 131 131 127 126 124 122 121 120 121 116 116 122 125 126 128 132 132 130 134 134 135 136 
11 13 16 21 26 33 39 45 50 52 58 63 69 73 78 80 81 80 81 81 68 64 83 96 99 94 75 63 82 106 122 127 131 131 121 117 135 140 131 141 150 154 158 159 156 165 174 179 178 161 140 159 185 169 137 125 115 107 102 100 101 105 109 114 118 120 123 123 120 117 115 117 116 116 117 117 117 120 132 135 136 137 137 132 135 136 137 138 114 115 127 139 140 138 139 143 146 147 151 152 151 
10 12 13 17 24 30 35 39 48 51 56 61 66 70 73 75 76 75 75 71 57 66 85 92 93 80 63 66 90 111 120 124 127 125 106 122 134 133 122 137 144 148 152 147 149 162 169 172 168 153 132 158 181 144 129 117 106 100 97 98 102 109 115 121 123 126 129 135 130 124 118 114 113 114 116 116 115 116 120 123 128 134 132 126 132 131 128 120 111 109 113 119 123 123 122 124 126 128 130 131 134 
9 10 11 14 20 25 31 35 42 50 53 58 62 65 68 69 69 68 68 61 52 70 83 86 82 64 56 73 95 112 116 119 122 115 102 122 129 125 114 130 137 141 140 138 151 158 158 156 152 137 131 156 168 127 115 105 98 96 96 100 107 115 125 131 133 138 137 139 139 134 123 113 110 111 114 114 113 115 116 116 118 120 120 121 119 118 116 113 111 109 105 110 113 112 112 113 115 116 117 118 119 
8 9 10 12 16 21 27 32 37 45 50 52 55 58 61 62 62 61 59 51 54 70 77 79 70 56 60 81 99 108 112 115 114 94 105 120 120 111 112 126 131 129 125 137 148 147 144 141 135 124 128 153 158 114 102 95 92 94 100 107 116 124 135 140 144 148 146 143 138 130 120 111 108 109 111 112 113 114 114 113 113 115 117 115 114 112 111 110 109 108 106 104 106 107 107 108 109 109 110 111 113 
8 8 9 10 13 18 23 28 32 38 44 48 50 51 53 55 54 53 49 45 59 66 70 70 59 51 69 88 99 103 107 108 94 80 106 111 105 105 119 124 123 117 121 136 140 136 132 123 111 113 134 147 117 99 92 89 92 101 110 119 128 138 148 155 159 160 153 143 133 124 116 110 108 108 109 109 111 111 111 111 112 114 116 115 112 111 109 108 107 106 106 105 100 103 104 104 104 104 105 107 109 
7 7 8 9 11 14 18 22 26 30 34 38 41 45 46 48 49 47 37 50 55 59 63 62 51 55 75 88 92 97 101 99 79 86 105 98 96 111 120 119 114 107 119 129 130 124 121 110 107 127 143 123 98 87 87 91 102 116 129 138 150 165 187 186 180 172 157 144 134 122 115 110 107 107 107 108 109 109 110 110 112 114 115 114 111 109 109 107 106 105 104 103 101 101 102 102 101 101 102 104 106 
7 7 8 9 11 12 14 17 19 22 25 29 31 31 31 30 32 32 36 41 46 51 54 54 49 61 73 78 85 91 93 86 67 90 95 83 101 113 115 114 105 101 116 119 120 114 107 96 113 131 123 100 85 85 95 107 123 142 157 173 183 192 194 184 176 175 158 144 129 119 112 108 107 106 107 107 108 109 110 111 112 115 116 115 114 112 110 107 105 103 102 102 101 99 100 99 101 101 100 101 102 
6 7 7 8 9 9 11 14 14 16 19 22 23 23 24 25 26 28 33 34 36 39 44 44 47 57 63 66 75 81 80 69 65 85 83 76 99 107 108 108 98 98 106 105 107 103 90 94 115 122 103 82 84 102 121 138 153 172 177 181 184 181 175 165 160 162 149 136 124 117 111 107 105 105 106 108 109 111 112 112 113 115 118 118 116 113 110 108 106 103 100 100 99 96 98 99 100 100 98 98 99 
6 6 7 7 7 8 9 11 12 13 15 17 18 19 21 23 25 28 31 31 32 34 36 37 43 46 49 53 59 66 65 56 64 78 68 76 93 97 99 99 93 90 94 93 95 93 84 101 109 109 84 79 104 126 143 153 158 165 169 172 170 161 153 149 145 150 153 136 122 113 107 104 102 103 106 110 112 114 115 116 117 117 119 120 116 113 110 110 108 105 101 99 98 95 96 98 97 97 97 96 97 
6 6 6 6 7 8 9 10 11 12 13 15 16 18 19 22 24 27 28 29 30 33 35 36 37 38 41 46 49 51 51 51 58 61 60 70 74 78 83 84 80 80 81 82 89 84 80 91 93 81 76 96 118 132 138 143 149 155 159 161 154 144 137 134 138 147 156 137 121 110 104 101 100 104 109 113 117 119 119 121 122 122 122 120 117 114 114 112 108 106 102 99 97 95 93 94 95 96 97 97 95 
6 6 6 6 7 8 8 9 11 11 13 15 16 17 19 21 23 25 26 28 31 32 34 35 35 35 36 38 42 47 50 50 50 50 51 52 55 58 63 66 62 64 66 75 84 77 75 77 67 77 96 111 118 124 127 133 142 146 148 147 138 129 127 136 146 156 160 135 116 106 99 99 102 107 113 119 124 126 126 127 128 128 126 123 120 118 116 113 110 105 102 100 100 95 89 91 96 102 103 97 90 
5 6 6 6 6 7 8 9 10 11 12 14 15 17 19 21 22 23 24 25 29 30 32 33 33 33 33 35 37 40 45 47 47 50 46 47 46 48 50 51 52 54 58 64 72 70 66 67 81 90 98 106 112 115 119 128 134 137 132 128 123 120 133 147 161 172 156 126 110 98 96 98 105 111 120 128 133 135 135 136 137 134 129 128 127 122 118 115 110 108 107 106 101 94 86 91 91 96 97 90 90 
5 6 6 6 6 6 7 8 10 11 12 13 15 16 18 20 20 21 23 24 27 28 29 30 30 31 32 33 34 37 39 40 40 42 41 41 40 43 47 49 50 51 52 55 61 62 57 69 78 86 94 101 105 110 118 124 128 129 121 115 114 124 138 156 168 172 140 115 101 93 96 100 107 117 127 138 146 151 151 147 146 140 138 133 128 125 120 115 115 113 110 101 95 91 85 90 89 89 87 89 91 
5 5 6 6 6 6 7 8 9 10 11 13 14 16 17 18 19 21 22 23 25 26 27 28 28 29 30 31 32 34 36 36 37 37 37 37 38 40 42 46 49 50 50 50 53 55 55 63 71 80 89 95 101 110 117 121 122 120 111 108 117 130 144 157 162 156 126 106 94 91 96 103 109 121 138 150 163 171 171 165 157 149 142 136 132 127 123 123 115 108 103 97 93 90 85 87 88 86 85 87 89 
5 5 6 6 6 6 6 7 8 9 10 12 13 15 16 17 18 19 20 21 23 24 25 26 27 27 28 29 30 32 33 34 34 34 34 36 37 38 40 42 46 49 50 50 51 51 55 61 66 73 83 93 100 107 113 117 116 108 103 109 122 137 147 157 154 132 111 95 89 91 98 107 118 127 146 166 185 210 197 184 170 157 147 141 137 134 128 118 110 104 99 95 92 90 86 85 83 84 86 87 88 
5 5 5 5 6 6 6 7 7 8 9 11 12 14 15 16 17 18 19 19 21 22 23 24 25 26 26 27 28 29 31 31 32 32 33 34 35 36 38 40 44 48 50 50 50 51 56 58 62 69 79 88 95 103 109 112 106 99 104 113 126 138 147 144 134 111 97 87 87 94 105 115 128 143 159 183 209 231 231 201 180 165 154 152 142 128 120 114 108 104 98 94 91 89 86 81 84 86 85 86 87 
5 5 5 5 5 5 6 6 7 7 8 10 11 12 13 14 15 16 17 18 19 20 21 22 23 24 25 25 26 27 28 29 30 31 32 33 34 36 37 40 43 47 50 50 49 50 54 56 55 60 72 81 88 96 103 102 94 103 113 125 135 142 137 125 109 94 84 84 92 104 115 129 142 162 182 205 220 227 228 215 192 176 161 149 137 130 122 116 109 104 98 95 92 88 84 80 84 85 85 86 88 
5 5 5 5 5 5 5 6 6 7 8 9 10 11 12 13 14 15 15 16 17 18 19 21 22 23 24 24 25 25 27 28 29 30 31 33 34 36 38 40 43 46 49 50 50 50 52 52 51 52 59 71 80 90 95 89 95 110 123 133 140 142 129 104 90 82 83 92 103 118 133 147 164 192 201 210 216 219 220 216 206 185 164 149 140 133 127 119 112 105 100 96 93 88 83 80 85 84 84 86 87 
5 5 5 5 5 5 5 6 6 6 7 8 9 10 11 12 13 14 14 15 16 17 19 20 21 22 23 23 24 24 25 26 28 29 31 33 34 36 38 39 42 46 49 50 50 50 50 50 50 51 53 59 72 81 81 88 103 115 126 132 138 134 111 89 77 81 95 109 121 137 155 171 186 194 201 207 210 211 213 212 206 196 173 155 144 137 137 122 110 103 101 98 94 89 82 81 81 80 82 82 84 
5 5 5 5 5 5 5 5 6 6 7 8 8 9 10 11 12 13 14 15 16 17 18 20 21 21 22 22 23 24 25 26 27 29 31 33 35 36 37 39 42 46 49 50 50 50 50 50 50 51 54 59 66 71 83 95 105 113 122 128 134 121 94 77 80 96 113 133 144 166 169 174 183 192 199 203 203 203 207 205 201 204 185 161 148 142 135 119 108 100 96 94 90 84 78 81 86 90 93 91 86 
5 5 5 5 5 5 5 5 6 6 6 7 8 9 10 10 11 12 13 14 15 16 17 19 20 20 21 22 23 23 24 26 27 28 30 32 35 36 38 39 42 46 49 50 50 50 50 50 50 50 56 62 65 68 75 86 97 107 115 122 128 113 84 77 96 119 137 158 157 154 156 169 181 190 194 196 195 198 203 198 200 207 188 161 146 137 122 109 100 98 92 83 85 77 82 92 93 104 101 101 101 
5 5 5 5 5 5 5 5 5 6 6 7 7 8 9 10 11 11 12 14 15 16 17 18 19 20 21 22 22 23 24 26 27 28 30 33 34 35 38 40 41 43 47 49 50 50 49 49 50 51 61 65 62 63 65 72 82 93 103 113 121 102 74 84 111 134 144 145 143 144 152 163 180 186 188 188 189 196 197 193 200 212 216 160 140 127 115 103 95 87 91 79 76 78 91 95 101 103 113 102 114 
5 5 5 5 5 5 5 5 5 6 6 7 7 8 9 9 10 11 12 13 14 15 16 17 18 19 20 21 22 23 24 26 28 29 31 33 35 36 37 38 39 41 44 46 47 46 46 48 49 51 62 64 60 60 60 62 67 75 87 101 110 92 69 90 123 132 132 131 137 145 161 173 180 181 182 179 186 192 190 188 199 208 215 172 142 128 122 110 98 84 79 75 76 82 91 101 106 109 116 115 119 
5 5 5 5 5 5 5 5 5 5 6 6 7 7 8 9 10 10 11 12 13 14 15 16 17 18 19 20 21 23 25 26 28 29 31 33 35 36 37 37 38 40 42 43 44 43 44 45 49 51 57 59 58 57 57 57 60 63 71 84 93 78 72 105 114 115 126 136 144 156 170 174 177 178 175 174 183 186 179 183 195 202 207 172 141 126 124 110 96 82 74 77 81 86 90 98 109 118 116 129 129 
5 5 5 5 5 5 5 5 5 5 5 6 6 6 8 9 9 10 11 12 13 14 14 15 16 17 18 19 20 22 24 26 27 28 30 32 34 35 36 37 37 38 40 40 40 40 41 45 49 50 52 53 54 54 54 55 57 60 63 70 77 67 85 96 105 128 138 149 158 166 171 174 175 174 167 172 179 176 170 181 191 196 196 168 134 117 111 97 85 74 73 80 86 92 95 101 109 116 123 134 140 
5 5 5 5 5 5 5 5 5 5 5 5 5 6 7 8 9 9 10 11 12 13 13 14 16 16 17 17 18 19 21 23 25 27 29 31 33 34 35 36 36 37 38 38 38 38 40 44 48 50 50 51 51 51 52 54 56 58 60 63 63 66 77 94 114 132 146 154 160 166 170 173 174 170 159 168 164 160 168 180 185 188 190 161 128 108 93 83 71 78 79 89 95 102 106 105 120 124 131 138 143 
5 5 5 5 5 5 5 5 5 5 5 5 5 5 6 7 8 9 9 10 11 12 13 14 15 15 15 15 16 17 19 22 23 25 28 30 32 33 34 34 35 36 36 36 36 37 40 43 47 50 50 50 50 50 51 53 55 57 59 60 60 62 73 92 111 124 137 151 158 164 168 170 170 161 146 151 147 158 171 178 179 179 182 146 121 100 83 69 78 85 90 97 110 117 120 115 128 140 148 153 153 
5 5 5 5 5 5 5 5 5 5 5 5 5 5 6 7 8 8 9 9 10 11 12 13 14 14 14 14 15 16 18 20 22 24 26 29 30 31 32 33 34 35 35 35 35 37 39 41 45 48 50 50 49 49 50 52 54 56 56 57 59 61 66 77 91 106 124 137 145 156 163 165 163 149 128 135 154 168 172 172 168 169 166 142 114 91 76 67 76 87 97 108 121 135 136 127 139 159 170 174 169 
5 5 5 5 5 5 5 5 5 5 5 5 5 5 6 6 7 8 8 9 9 10 11 12 13 13 14 14 15 16 17 18 19 22 25 27 29 30 31 32 33 34 34 34 35 37 38 40 43 46 49 50 49 49 50 52 53 55 56 55 57 58 62 70 77 87 103 117 127 136 147 156 158 140 113 130 159 163 162 161 151 152 149 138 104 83 69 69 85 94 106 117 129 150 161 150 157 178 195 215 189 
5 5 5 5 5 5 5 5 5 5 5 5 5 6 6 6 7 7 8 8 9 10 11 12 12 13 13 14 15 16 17 17 19 20 23 25 27 28 30 31 31 32 33 34 35 36 38 40 42 45 47 49 49 49 49 51 52 53 54 54 55 56 59 63 69 75 84 95 105 115 127 142 149 139 110 120 147 148 145 143 130 131 122 114 91 73 65 80 103 116 128 141 152 173 176 161 164 185 208 216 201 
5 5 5 5 5 5 5 5 5 5 5 5 5 6 6 6 7 7 8 8 9 10 11 11 12 13 13 14 15 15 16 17 18 20 22 24 26 27 29 30 30 31 32 34 35 36 37 39 41 43 45 48 50 48 48 49 50 52 52 52 53 54 56 59 62 67 73 79 86 93 107 118 128 130 107 107 131 131 129 128 113 112 103 91 77 68 66 82 98 109 119 131 146 162 161 145 153 174 189 194 192 
5 5 5 5 5 5 5 5 5 5 5 5 5 5 6 6 7 7 8 8 9 10 11 11 12 13 13 14 15 16 17 18 19 20 21 23 25 26 28 29 29 30 32 33 34 36 37 38 40 41 43 46 49 48 46 47 48 50 50 51 51 51 53 55 58 62 66 70 73 77 83 92 103 108 98 98 115 113 109 111 100 93 86 74 69 65 68 77 86 93 100 111 125 136 138 131 147 167 173 173 177 
5 5 5 5 5 5 5 5 5 5 5 5 5 5 6 6 7 7 7 8 9 10 11 11 12 13 13 14 15 16 16 18 19 20 21 23 24 25 26 28 29 30 31 33 34 35 36 37 38 40 41 44 46 46 45 46 47 48 49 50 50 49 50 52 55 58 62 64 67 70 71 73 77 83 83 89 95 93 91 93 87 79 74 68 66 62 66 72 76 82 89 97 108 116 117 118 136 147 153 151 160 
5 5 5 5 5 5 5 5 5 5 5 5 5 5 6 6 7 7 7 8 9 10 11 11 12 13 13 14 15 16 17 18 19 21 21 22 23 24 25 27 28 30 31 32 33 34 35 36 37 38 39 41 43 45 44 45 45 46 48 48 48 48 48 49 51 55 58 61 62 63 65 67 68 71 75 82 84 83 79 77 75 72 69 66 63 61 67 69 71 76 80 87 93 98 101 106 116 124 130 131 146 
5 5 5 5 5 5 5 5 5 5 5 5 5 5 6 6 7 7 7 8 9 10 11 11 12 13 13 14 15 16 17 18 19 20 21 22 23 24 25 26 28 29 30 31 32 33 34 35 36 37 38 39 41 42 43 44 45 46 47 47 47 46 46 48 50 52 54 57 58 60 61 63 66 69 73 78 79 77 74 71 69 67 65 63 60 64 67 67 67 69 72 77 83 87 91 95 102 108 113 117 126 
5 5 5 5 5 5 5 5 5 5 5 5 5 5 6 6 7 7 7 8 9 10 10 11 12 13 13 14 15 16 17 18 19 20 21 22 22 23 24 26 27 28 29 30 30 32 33 34 36 37 37 38 39 41 42 43 44 45 46 46 46 45 45 47 49 51 53 55 57 58 60 62 65 67 70 75 74 73 69 66 64 63 61 60 62 65 63 59 58 61 66 71 75 81 84 85 90 97 101 104 110 
5 5 5 5 5 5 5 5 5 5 5 5 5 6 6 6 7 7 8 8 9 10 10 11 12 13 13 14 15 16 17 18 19 19 20 21 22 23 24 25 26 27 28 29 30 31 32 34 35 36 37 37 38 40 41 42 44 44 45 45 45 45 45 46 48 49 51 53 55 56 59 61 63 65 68 71 68 67 64 63 61 60 59 60 63 63 60 54 53 55 60 66 71 75 77 77 79 85 93 95 98 
5 5 5 5 5 5 5 5 5 5 5 5 5 6 6 6 7 7 8 8 9 10 10 11 12 13 14 14 15 16 17 18 19 19 20 21 22 22 23 24 25 26 27 28 29 30 31 33 34 35 36 37 38 39 40 42 43 43 44 44 44 44 45 45 47 49 50 52 54 56 58 60 61 63 65 64 63 61 61 60 58 58 61 63 64 63 56 53 53 53 57 61 66 68 70 72 75 81 85 87 89 
5 5 5 5 5 5 5 5 5 5 5 5 6 6 6 7 7 8 8 9 9 10 10 11 12 13 14 14 15 16 17 18 18 19 20 21 21 22 23 24 24 26 27 28 29 29 30 32 33 34 35 36 37 38 40 41 42 42 43 43 43 44 44 45 47 48 50 52 53 55 57 58 59 60 61 60 59 59 58 57 56 60 63 65 66 62 54 53 53 53 55 56 59 62 65 68 72 75 79 80 82 
5 5 5 5 5 5 5 5 5 5 5 6 6 6 6 7 7 8 9 9 10 10 11 11 12 13 14 15 15 16 17 18 18 19 20 21 21 22 23 23 24 25 26 27 28 29 30 31 32 33 34 35 36 38 39 40 40 41 42 42 43 43 44 45 46 48 49 51 52 54 55 56 57 58 58 58 58 57 57 55 58 64 65 66 65 56 54 54 54 54 54 55 56 59 61 64 67 71 73 75 77 
5 5 5 5 5 5 5 5 5 5 6 6 6 6 6 7 7 8 9 9 10 11 11 12 12 13 14 15 15 16 17 18 18 19 20 21 21 22 23 23 24 25 26 27 28 29 30 31 32 32 33 34 35 37 38 39 39 40 41 42 43 43 44 45 46 47 48 49 50 51 53 54 54 55 56 57 56 56 55 55 58 63 62 61 59 56 55 55 54 54 55 56 55 57 59 62 64 66 69 71 73 
5 5 5 5 5 5 5 5 5 6 6 6 6 6 7 7 7 8 9 10 10 11 12 12 13 13 14 15 15 16 17 18 18 19 20 21 21 22 23 23 24 25 26 27 28 29 30 31 31 32 33 34 35 36 37 38 39 39 41 41 42 43 44 44 45 47 48 48 49 50 51 51 51 52 55 55 54 54 55 56 57 58 55 54 55 56 55 54 54 54 55 58 56 58 59 61 61 61 64 69 72 
5 5 5 5 5 5 5 5 5 6 6 6 6 7 7 7 7 8 9 10 10 11 12 12 13 14 14 15 15 16 17 18 18 19 20 21 21 22 23 24 24 25 26 27 28 29 30 31 31 32 33 34 34 35 36 37 38 39 40 41 42 43 44 44 45 46 47 48 49 49 50 50 50 50 52 52 53 55 56 56 57 57 55 53 53 54 53 53 53 53 54 54 55 66 60 59 59 59 60 66 70 
5 5 5 5 5 5 5 5 5 6 6 6 7 7 7 7 8 8 9 10 11 11 12 13 13 14 14 15 15 16 17 18 19 19 20 20 21 22 23 23 24 25 26 27 28 28 29 30 31 32 33 34 34 35 36 37 38 39 40 41 42 43 44 44 45 46 48 49 49 50 50 48 51 53 53 54 54 55 55 56 56 56 54 53 52 51 51 52 52 53 54 54 55 59 59 58 58 58 59 61 63 
5 5 5 5 5 5 5 5 5 6 6 7 7 7 8 8 8 8 9 10 11 12 12 13 13 14 15 15 16 17 17 18 19 19 20 20 21 22 23 23 24 25 26 27 27 28 29 30 31 32 33 34 35 35 36 37 38 39 40 41 42 43 43 44 45 47 48 49 50 50 46 49 52 54 54 54 54 54 55 55 55 54 52 52 51 51 52 54 55 56 57 58 57 57 59 59 59 60 61 62 63 
5 5 5 5 5 5 5 5 5 6 6 7 7 8 8 8 8 8 10 11 11 12 12 13 13 14 15 15 16 17 17 18 19 19 20 20 21 22 23 23 24 25 26 27 27 28 29 30 31 32 33 34 35 35 36 37 38 39 40 41 42 43 43 44 46 47 48 49 49 47 45 49 52 54 54 54 54 54 54 54 54 53 51 49 50 52 55 57 60 62 63 64 64 64 65 66 68 68 68 67 67 
5 5 5 5 5 5 5 5 6 6 7 7 7 8 8 8 8 9 10 11 12 12 13 13 14 14 15 16 16 17 18 18 19 19 20 20 21 22 23 23 24 25 26 27 28 28 29 30 31 32 33 34 34 35 36 37 38 39 40 41 42 43 43 44 45 46 47 47 47 44 46 49 52 53 54 54 53 53 53 53 53 52 50 49 50 54 57 60 62 66 67 68 68 69 71 74 76 78 79 77 77 
5 5 5 5 5 5 5 5 6 6 7 7 7 8 8 8 8 9 10 11 12 12 13 13 14 14 15 16 16 17 18 18 19 19 20 20 21 22 23 23 24 25 26 27 28 28 29 30 30 32 33 33 34 35 36 37 38 39 40 41 42 43 43 43 44 45 45 44 44 45 47 49 51 52 52 53 53 53 52 52 52 51 50 50 51 55 57 60 62 65 68 71 73 75 79 83 84 86 86 85 86 
5 5 5 5 5 5 5 6 6 7 7 7 7 8 8 9 9 10 10 11 12 12 13 13 14 14 15 16 16 17 18 18 19 20 20 21 21 22 23 23 24 26 26 27 28 28 29 29 31 32 32 33 34 34 35 36 37 38 39 40 41 42 42 42 42 42 42 44 46 47 48 49 50 51 51 51 52 52 52 52 51 50 50 50 51 53 55 59 62 66 70 74 78 82 85 85 87 90 91 92 93 
5 5 5 5 5 5 5 6 7 7 7 7 7 8 8 9 10 10 10 11 12 12 13 14 14 15 15 16 16 17 18 18 19 20 21 21 21 22 22 23 24 26 27 27 28 28 29 30 31 32 32 33 33 34 35 36 37 37 38 39 40 41 41 40 41 42 45 46 47 47 48 48 49 50 50 50 50 51 51 51 50 50 49 50 52 54 56 60 65 69 74 77 80 80 81 85 89 93 96 98 97 
5 5 5 5 5 5 5 6 7 7 8 8 8 8 9 10 10 10 10 11 12 13 13 14 14 15 15 16 16 17 18 18 19 20 21 21 21 22 22 23 24 26 27 27 28 28 29 30 31 32 32 32 33 34 35 36 36 36 37 38 38 38 39 40 41 43 45 46 47 47 48 48 48 48 48 49 49 50 50 50 50 49 49 50 52 55 57 61 66 71 72 73 74 76 81 87 93 96 99 99 93 
5 5 5 5 5 5 5 6 7 8 8 8 8 8 9 10 10 10 11 11 12 13 13 14 14 15 15 16 16 17 18 18 19 20 21 21 21 21 22 23 24 25 26 27 27 27 28 30 31 31 31 31 32 33 33 34 35 36 37 37 38 38 40 41 42 43 44 45 46 47 47 47 47 47 47 47 48 49 49 49 49 49 50 51 53 56 58 61 65 66 67 69 74 78 82 88 94 94 91 88 87 
5 5 5 5 5 5 6 7 8 8 8 8 8 8 9 10 10 10 11 11 12 13 14 14 15 15 16 16 17 17 18 18 19 20 21 21 21 21 22 23 24 25 25 26 25 25 26 27 28 30 31 32 33 33 35 36 37 38 38 39 39 39 40 41 42 42 43 44 45 46 46 46 46 46 47 47 48 48 49 49 50 51 51 52 54 56 58 60 61 63 67 73 77 81 83 86 87 84 83 82 83 
5 5 5 5 5 5 6 7 8 8 8 8 8 8 9 10 10 11 11 11 12 13 14 15 15 16 16 16 17 17 18 18 19 20 20 20 20 21 22 24 25 25 25 25 26 27 28 29 31 32 32 33 34 35 35 36 39 40 40 40 40 40 41 41 42 42 42 43 44 45 46 46 47 47 47 47 48 49 50 51 52 53 53 54 54 55 57 59 60 65 70 75 77 79 79 78 77 77 78 78 80 
5 5 5 5 5 6 6 7 8 8 7 8 8 9 9 10 10 11 11 12 12 13 14 14 15 15 16 16 17 18 18 19 19 20 20 20 21 22 24 25 26 26 26 26 27 29 30 32 32 33 34 35 36 37 37 36 40 42 42 42 41 42 43 44 43 43 43 44 44 45 46 46 47 48 48 49 49 51 52 54 56 56 55 55 55 55 57 59 61 67 71 75 73 73 72 73 73 74 74 77 79 
4 5 5 5 5 6 7 7 8 8 8 8 8 9 9 10 10 11 11 12 12 13 14 14 15 15 16 17 18 18 19 19 19 20 21 22 23 24 25 25 26 26 27 26 25 32 33 33 34 34 35 37 38 38 40 39 40 41 42 42 41 42 45 47 47 46 45 45 45 45 46 47 49 49 50 52 53 54 55 56 56 57 59 57 56 57 59 59 62 66 67 68 67 68 69 70 72 73 75 77 77 
4 5 5 5 5 6 7 7 8 8 8 8 8 9 10 10 10 11 12 12 13 14 14 15 15 16 17 18 18 19 19 20 20 21 22 24 25 25 25 26 27 28 28 26 26 33 34 35 36 35 37 40 41 40 41 41 40 41 39 42 40 44 47 50 51 50 50 49 48 46 47 50 51 52 54 55 55 53 48 40 38 58 64 63 64 64 62 59 59 61 63 63 63 65 70 71 71 73 76 76 76 
4 4 5 5 5 6 7 7 8 8 8 8 8 9 10 10 11 11 12 13 14 15 15 16 17 18 18 19 19 20 20 21 22 23 23 25 25 25 25 27 29 29 29 30 33 34 38 39 39 37 37 42 45 44 43 42 42 41 38 35 45 46 43 50 53 53 53 52 52 51 52 55 55 56 57 58 48 37 36 37 40 60 69 70 67 60 57 57 57 58 59 61 62 65 67 69 70 71 74 75 73 
5 4 4 5 6 7 8 8 8 8 8 8 9 9 10 11 11 12 13 14 15 16 17 18 19 19 19 20 20 21 21 22 23 24 24 25 25 26 27 29 30 30 30 32 37 40 42 44 44 39 39 43 45 45 44 42 41 39 37 41 41 50 45 52 52 54 54 56 58 58 58 59 60 60 59 60 51 44 50 55 65 69 62 58 55 53 53 54 56 57 58 59 61 63 64 67 69 71 73 74 72 
5 4 5 5 6 7 8 8 8 8 8 8 9 9 10 10 11 13 14 16 17 18 19 20 20 21 21 21 21 22 22 23 24 26 26 26 26 28 30 31 31 31 32 34 39 44 48 48 46 42 39 35 44 43 42 41 40 40 43 43 46 52 52 55 52 56 57 60 62 62 62 62 63 62 61 60 59 62 63 64 70 60 53 53 53 53 53 53 55 56 58 60 64 66 68 69 71 73 74 74 73 
5 5 5 5 6 7 8 8 8 8 8 8 9 10 10 10 12 14 16 18 20 21 21 21 21 21 22 23 23 24 25 25 25 27 28 28 29 30 31 32 32 32 33 35 40 45 49 49 45 42 35 35 37 36 39 41 42 44 47 45 51 54 55 56 56 56 61 63 63 64 64 64 65 65 65 65 64 62 57 56 57 53 53 53 53 53 53 53 54 56 59 62 66 70 73 74 73 75 76 76 74 
5 5 5 5 6 7 8 8 8 8 8 9 9 10 10 11 13 16 17 19 21 21 20 21 21 22 23 25 26 26 27 27 28 30 30 31 31 32 33 34 33 34 34 35 38 42 47 49 50 35 37 41 38 36 42 46 47 50 52 43 47 49 59 55 59 63 64 65 66 66 66 66 67 68 69 69 66 56 54 53 53 53 53 53 53 53 53 53 55 57 60 64 68 74 77 77 76 76 77 76 76 
5 5 5 5 6 7 7 8 8 8 9 9 10 10 11 12 14 14 15 16 15 17 19 20 21 23 24 26 29 29 29 29 29 31 33 34 34 35 36 36 35 36 36 37 38 41 43 45 42 45 44 41 42 49 50 51 56 55 55 51 44 58 61 56 59 67 70 69 70 71 70 70 72 73 73 71 61 55 53 53 53 53 53 53 53 53 53 53 55 58 61 65 70 76 79 80 79 79 78 77 77 
5 5 5 6 6 7 7 8 8 8 9 10 10 10 11 12 14 14 15 15 15 17 21 21 22 24 25 28 30 31 30 31 32 35 38 39 38 38 40 39 38 39 39 39 39 39 43 45 38 36 43 41 41 49 54 57 57 55 51 52 58 55 68 62 64 67 76 75 75 75 75 75 76 76 74 69 55 54 53 53 53 53 53 53 53 53 53 54 56 60 64 67 71 77 81 82 81 80 79 78 78 
5 5 5 6 7 7 8 8 8 8 10 11 11 11 12 13 14 14 15 15 16 19 20 21 23 25 27 29 31 32 33 33 35 40 43 45 44 42 39 39 39 41 39 41 41 41 47 42 43 41 38 40 43 38 45 57 48 46 50 51 50 56 67 74 76 65 78 82 82 79 78 77 77 75 69 61 57 55 54 54 53 53 53 53 54 54 54 55 58 63 69 75 75 78 82 83 83 82 80 80 79 
5 5 6 6 7 7 8 8 8 9 10 10 11 12 13 14 14 15 15 16 17 19 20 22 24 26 28 30 33 35 37 36 36 41 45 50 48 43 40 39 40 44 42 44 46 44 45 42 44 43 45 45 42 43 46 46 48 52 52 55 61 66 67 80 84 69 71 86 83 81 77 76 74 70 64 60 58 57 57 57 56 56 55 55 55 55 56 57 61 67 74 80 82 84 84 84 83 82 82 82 80 
5 5 6 6 7 7 8 8 8 9 10 10 11 13 14 14 15 15 16 17 18 19 21 24 27 28 30 33 36 40 42 41 36 39 45 50 50 43 40 40 42 45 44 47 49 47 47 42 44 43 49 46 48 51 53 55 56 57 59 61 68 77 76 84 82 69 70 70 70 70 70 74 71 67 64 62 61 61 62 63 65 65 59 55 55 56 57 58 64 73 81 85 87 86 86 83 80 82 84 83 81 
5 5 6 7 7 8 8 8 8 9 10 11 13 14 15 15 16 16 17 18 19 21 23 24 29 31 33 37 41 44 47 41 40 39 42 49 49 44 41 42 44 46 47 49 51 50 51 52 50 51 53 54 54 56 57 58 59 60 62 64 71 79 79 78 74 73 74 69 68 68 68 73 73 68 65 66 68 68 70 72 73 70 61 55 56 57 58 60 69 81 86 85 84 82 82 78 76 80 85 84 81 
5 5 6 7 7 8 8 8 8 10 12 14 15 16 16 16 17 17 18 19 20 23 26 26 28 31 35 42 46 48 50 42 45 42 42 46 46 44 44 45 46 48 49 52 56 57 55 59 55 64 70 68 60 59 60 61 62 64 66 68 73 79 80 77 74 78 78 69 68 67 67 69 70 67 66 70 73 77 78 79 79 72 61 56 57 58 59 61 68 76 79 77 76 75 74 73 73 77 85 84 81 
5 6 6 7 7 8 7 7 8 9 13 16 16 16 17 17 18 19 20 20 22 25 28 30 28 31 34 45 50 49 47 43 46 44 44 46 46 46 47 50 52 53 54 56 61 65 60 67 62 65 74 75 63 63 65 66 64 67 70 74 78 81 81 78 77 79 82 76 69 67 67 66 66 65 67 77 83 85 83 80 78 70 61 59 59 60 60 62 66 70 72 72 71 71 71 71 72 78 85 84 81 
6 7 7 7 7 8 8 8 9 11 14 15 15 17 18 18 19 20 21 21 23 26 31 33 31 31 34 43 50 49 46 45 46 46 48 49 47 48 51 56 59 59 60 61 68 72 68 73 68 64 69 74 67 70 71 72 68 69 73 78 82 83 82 80 79 83 84 85 75 69 67 67 66 66 68 76 85 85 80 76 72 67 62 61 61 61 63 67 71 70 70 70 69 69 69 70 72 79 85 84 80 
7 7 7 7 8 8 8 8 10 12 14 15 16 17 19 19 20 21 22 23 24 28 34 38 35 34 36 41 49 49 48 47 48 50 55 55 51 51 54 58 65 63 67 68 71 77 80 79 76 69 69 72 73 77 79 79 75 71 75 81 86 86 83 80 82 87 88 88 84 73 68 67 67 66 67 72 77 79 76 73 69 66 64 63 63 64 67 70 74 74 69 69 68 68 68 69 72 76 81 81 79 
7 8 8 8 8 8 8 9 10 12 14 16 18 19 20 20 22 23 24 25 26 29 37 43 38 36 38 42 49 53 52 52 51 54 64 61 54 56 57 59 68 67 75 79 82 83 90 90 83 83 81 75 80 82 87 86 80 74 78 84 90 90 84 81 86 91 92 92 89 78 69 67 67 67 67 69 72 75 74 72 68 67 66 66 67 70 74 78 83 80 73 71 65 67 69 70 74 77 79 79 78 
8 8 8 8 7 7 9 11 12 13 15 17 20 21 21 22 23 25 26 26 27 30 39 45 39 38 40 45 52 59 55 57 58 57 59 63 58 61 64 63 67 74 78 88 93 93 96 97 94 96 92 83 80 87 91 92 84 77 84 88 94 93 86 83 89 94 95 94 90 81 71 68 68 68 68 69 71 74 76 74 72 71 71 71 74 78 86 91 95 88 79 75 66 70 72 74 78 84 82 79 76 
8 9 8 8 9 11 13 15 14 14 16 18 20 23 23 23 26 27 27 28 29 31 39 45 43 40 44 48 58 60 57 62 67 67 60 65 60 64 70 71 69 74 79 87 94 95 96 98 101 103 101 93 88 90 94 91 86 81 92 95 98 93 87 86 91 95 95 92 90 80 74 71 70 70 70 71 74 79 83 81 82 80 79 78 80 89 98 99 99 92 81 75 67 74 79 82 86 91 88 81 76 
9 10 10 11 12 15 17 16 16 17 18 21 24 29 28 26 31 30 29 30 31 32 37 43 43 42 46 52 59 64 58 62 70 77 64 73 64 64 71 76 78 79 79 84 91 90 92 94 98 104 105 99 95 95 98 99 97 88 91 100 101 96 90 88 92 95 95 93 90 87 80 75 73 73 79 79 78 87 91 90 91 89 87 86 88 95 100 100 98 92 82 77 80 82 83 88 92 95 92 81 75 
12 13 13 14 16 18 21 19 18 19 22 26 28 35 33 29 37 35 32 32 33 35 36 39 41 43 48 52 56 62 59 62 71 80 68 76 70 64 74 77 84 85 82 82 85 85 85 88 93 101 104 100 99 97 99 103 104 97 90 97 102 99 93 90 97 99 97 96 92 87 81 79 81 80 86 85 81 90 95 96 97 96 95 93 95 97 100 100 95 89 86 81 84 84 85 89 93 93 89 82 74 
13 16 15 15 17 20 24 21 20 22 25 30 30 35 34 30 40 38 36 34 36 39 42 48 41 42 48 51 52 56 60 63 69 80 74 72 71 65 77 81 81 83 81 81 81 81 81 84 90 98 102 101 98 95 97 102 105 104 99 100 104 103 97 93 98 100 98 94 88 86 84 85 91 90 91 87 87 94 97 98 100 98 95 95 95 95 98 98 94 91 89 84 86 84 89 89 91 91 87 82 72 
14 16 15 16 18 21 24 24 22 24 27 31 33 37 33 32 38 40 40 38 39 41 49 58 48 42 47 52 54 62 64 64 68 76 76 70 69 65 75 81 80 80 79 79 79 79 79 81 87 95 100 100 95 90 92 97 100 103 104 106 106 105 100 96 97 99 96 92 85 90 88 86 92 92 89 87 90 95 96 96 96 95 94 94 93 93 95 95 93 86 88 89 88 85 84 88 89 87 83 78 69 
16 16 17 18 20 22 25 26 25 26 29 34 37 39 35 33 40 47 44 40 41 44 52 57 49 44 46 52 61 65 65 65 67 71 71 69 68 66 74 80 80 79 78 78 77 77 77 80 84 91 98 99 95 91 85 90 94 99 102 105 106 105 101 99 99 98 95 91 90 91 90 87 91 89 85 87 91 93 93 92 93 92 91 91 90 90 91 91 90 83 86 87 87 83 81 84 85 83 80 74 69 
16 18 18 19 21 24 27 27 27 29 30 34 39 42 38 34 38 46 47 43 44 47 54 56 56 48 47 51 59 64 65 66 65 68 67 67 69 68 73 79 80 79 77 77 77 75 78 80 83 88 96 96 94 92 84 82 92 93 98 102 103 101 98 98 100 98 93 91 92 91 91 90 91 90 82 88 90 91 91 88 88 87 87 88 86 87 87 86 84 79 83 81 81 78 78 82 78 78 76 72 68 
17 19 19 21 24 26 29 30 30 32 33 34 39 43 40 37 39 45 47 44 43 48 55 59 57 49 49 52 57 62 64 65 65 66 69 65 68 67 73 78 79 78 76 76 79 75 79 84 85 85 91 93 88 87 80 85 94 87 95 97 98 97 95 95 97 95 91 89 91 91 89 86 89 90 79 85 84 87 87 84 82 81 84 82 82 86 86 83 79 77 78 75 75 74 77 79 74 73 72 69 66 
20 21 21 22 26 29 32 34 33 36 37 36 40 45 45 40 39 45 48 47 45 49 55 60 61 51 50 52 57 62 65 65 64 64 66 64 64 66 72 77 78 76 74 75 78 77 74 81 84 83 86 88 84 79 76 82 85 81 90 91 94 94 93 93 93 91 90 86 85 89 85 81 85 87 75 81 80 84 82 85 76 76 79 77 82 85 83 81 76 73 72 70 69 70 74 74 72 70 71 69 69 
20 23 24 24 27 32 35 36 37 42 43 39 42 49 51 45 42 46 50 49 47 49 53 59 60 54 54 54 57 62 65 65 63 63 64 61 62 66 72 77 77 75 72 75 77 76 72 77 80 80 83 85 80 80 73 74 75 79 80 83 88 91 92 91 90 87 85 83 82 85 84 79 82 84 72 78 75 81 79 82 74 71 75 74 78 80 80 79 74 69 68 67 66 68 71 71 69 69 68 68 67 
20 24 26 25 28 32 36 37 39 44 46 45 45 53 57 50 44 49 53 53 50 51 54 59 59 58 58 59 59 63 66 65 62 61 61 59 61 65 70 75 75 74 70 73 77 76 70 74 77 78 83 84 75 72 69 73 80 86 89 89 89 89 91 90 89 85 82 80 78 80 79 75 80 81 69 75 70 79 76 77 72 70 70 74 77 78 77 76 73 66 65 66 63 66 68 67 65 67 64 66 65 
22 25 27 27 29 31 35 38 41 44 46 47 48 55 61 56 48 53 58 56 54 55 56 60 62 62 62 63 64 65 66 66 63 60 58 57 60 64 68 73 74 71 68 71 76 75 70 69 73 74 78 79 73 67 67 72 79 85 89 90 90 90 90 90 88 85 82 81 79 78 73 70 74 71 64 64 66 76 78 70 65 66 71 76 78 78 76 74 73 67 64 64 60 64 67 64 64 66 60 62 60 
23 26 28 29 30 32 35 38 40 42 44 46 48 54 58 58 52 52 57 57 56 57 60 61 63 66 68 70 71 71 69 67 64 62 57 55 58 63 68 72 72 69 66 69 74 76 70 66 68 70 73 70 67 64 66 70 75 80 84 88 89 89 88 88 87 84 82 80 79 76 76 74 72 69 67 63 59 68 73 66 61 72 74 76 77 77 73 70 72 68 62 63 61 61 65 61 64 65 56 57 57 
24 27 29 30 31 34 39 42 39 41 43 45 47 50 53 54 53 52 53 55 57 58 58 59 62 66 70 72 73 75 72 69 68 67 60 55 56 61 68 73 73 69 65 68 74 78 75 68 65 68 71 71 64 65 67 69 74 79 83 86 88 87 85 84 84 83 81 79 79 80 79 75 72 68 63 61 56 66 63 57 68 79 78 76 74 73 70 66 70 71 65 58 60 56 63 57 64 64 53 55 54 
